1 17
1 19
1 41
1 242
1 326
1 347
1 388
1 492
8 19
8 41
8 255
8 492
12 32
12 240
21 17
21 90
21 172
21 303
21 347
21 442
36 21
36 29
47 21
47 28
47 29
56 20
60 92
62 116
69 129
77 217
77 242
77 303
77 326
77 347
79 56
81 17
81 90
81 172
81 388
81 442
85 19
85 41
85 326
85 388
85 492
86 17
86 90
86 172
86 442
95 17
95 19
95 172
95 242
95 303
95 326
95 442
98 92
102 263
103 448
106 67
107 17
107 19
107 90
107 172
107 442
107 492
115 17
115 19
115 90
115 172
115 217
115 242
115 303
115 442
115 492
144 17
144 19
144 172
144 217
144 242
144 303
144 326
144 347
144 492
154 363
165 17
165 19
165 217
165 242
165 303
165 326
165 347
165 442
181 6
181 329
181 449
187 17
187 19
195 171
197 17
197 90
197 172
197 217
197 303
197 492
222 205
227 171
229 41
229 255
229 489
235 17
235 217
235 303
235 326
235 347
235 492
266 17
266 19
266 90
266 492
271 154
283 19
283 326
283 388
291 259
293 19
293 41
293 326
293 347
296 326
296 347
319 56
324 100
344 19
344 172
344 242
344 326
344 388
344 442
385 422
405 458
427 90
427 442
438 32
444 217
444 242
444 303
447 135
457 30
458 438
463 140
471 41
482 171
489 93
495 347
