V1 V2
1 17
1 19
3 5833
8 41
12 32
21 3106
24 2255
24 4515
32 1688
36 664
37 926
47 21
47 29
56 2454
60 92
60 1283
60 2531
62 116
69 129
71 5625
77 242
77 303
77 326
77 347
81 172
81 442
85 492
85 645
85 962
85 1481
86 90
88 2138
88 8389
95 17
95 242
95 303
95 442
95 2428
98 92
99 8606
103 448
107 17
107 9598
110 4669
115 17
115 172
115 602
115 1375
115 1401
119 3744
122 9417
137 7120
141 2974
143 2279
144 217
144 242
144 1375
144 1658
144 2310
144 3611
154 363
165 242
181 6
181 329
182 979
182 1185
184 3810
187 17
187 4216
187 4402
187 9001
189 3015
190 7820
195 3294
197 492
197 962
197 3217
201 2153
201 2853
201 5498
224 979
227 171
235 303
235 962
251 1231
251 6719
257 4886
261 770
265 3250
266 90
266 6333
269 6270
269 7394
270 559
270 1830
279 1608
283 4512
291 259
291 2007
291 3837
293 1816
293 5503
296 347
296 3829
301 9564
307 872
307 1189
327 6219
329 1193
329 2096
329 2159
329 4534
332 2270
332 6219
332 9895
337 5527
337 6926
339 725
344 388
344 442
344 9588
354 2563
358 7624
375 6278
382 1053
382 1302
385 1734
388 1426
388 4429
398 1207
398 4022
406 4398
415 2270
415 6219
422 8950
427 566
427 842
427 882
428 997
435 3334
436 5336
438 527
443 1132
444 602
444 1658
444 2310
444 3757
447 135
447 1911
447 6097
447 6587
447 9566
457 30
458 438
462 1193
462 2096
463 140
465 1031
470 6167
471 5503
475 1163
475 2049
475 3161
475 4754
475 4757
475 5511
475 5887
476 1236
483 5974
488 1190
488 7467
488 9021
491 2946
495 566
495 9587
498 6627
501 214
503 2511
503 7683
505 986
505 5446
505 8919
512 3105
513 568
515 2313
515 5528
520 388
535 140
536 3700
540 3164
540 3219
540 3283
540 4632
540 5033
540 6096
553 1837
553 2854
553 4520
553 8180
557 3811
560 1395
560 3917
561 1773
561 2852
561 3676
561 5312
561 6582
567 4218
575 3028
579 775
579 2313
604 4382
614 451
617 1636
617 6647
617 9657
637 566
637 842
637 1608
638 1140
638 2430
638 9055
644 704
649 556
649 2805
649 7517
656 3113
656 7183
658 6330
663 6033
666 20
666 1802
666 2454
666 3409
666 3759
666 5162
666 5668
666 6596
667 1434
667 9525
667 9627
670 589
674 1444
674 3879
678 4520
683 9454
688 1337
688 2362
689 3348
692 1258
700 56
705 1658
705 3757
706 400
711 4971
715 763
720 6941
721 872
721 1189
722 2149
722 5668
722 5875
723 8189
725 6080
729 725
738 2239
741 770
741 1552
741 3054
741 9641
747 679
748 617
748 988
748 2531
752 1879
752 3714
757 420
757 8570
758 3478
758 6091
758 7474
758 9045
759 3759
767 5578
769 6040
770 617
770 988
774 3674
775 86
775 5161
780 1700
780 5242
789 2999
789 4126
794 566
794 842
794 4895
802 7087
812 1828
812 1849
815 438
819 1570
823 347
823 836
837 1549
838 6374
846 2028
846 5314
848 524
850 1803
850 2454
850 3761
853 1543
855 4372
867 3217
874 2687
874 3105
875 3758
880 9205
881 1045
881 1421
881 2972
888 1361
890 326
890 1816
890 5314
894 1732
898 748
901 3587
903 1913
903 2368
903 4759
904 3219
904 6096
909 1395
909 3917
909 6095
909 9571
911 1884
920 1550
921 7859
924 2892
924 4021
924 6325
924 9554
930 2284
933 1493
934 8027
935 4753
935 6335
936 3416
936 3613
936 6354
936 9603
937 526
940 2454
940 3409
940 3610
940 6596
940 8591
940 9541
941 7474
944 5918
944 8634
952 1797
952 3398
952 4377
952 5655
952 6831
958 1323
958 3035
967 775
967 1602
967 2313
967 3170
967 4774
967 5528
971 6230
978 5978
979 8023
980 3797
980 5110
982 3483
982 5165
983 526
983 707
986 2770
988 2292
994 2274
994 3655
996 1647
1001 1584
1002 502
1002 836
1006 1099
1006 4106
1012 1213
1013 9916
1017 4699
1020 5501
1020 6344
1022 2157
1029 2121
1029 3806
1035 556
1035 2805
1035 5184
1039 5473
1039 9419
1040 1239
1040 1366
1040 7834
1041 1567
1045 1797
1045 6534
1045 6831
1046 1802
1058 2337
1058 3165
1058 4313
1058 4510
1058 8178
1059 4529
1059 5338
1064 3911
1064 4619
1064 5470
1065 1492
1066 1165
1070 2191
1077 6100
1078 2605
1079 7848
1080 3870
1093 3270
1093 8467
1103 856
1104 2456
1104 6360
1104 8602
1105 4531
1109 4021
1109 6325
1111 849
1111 9089
1116 426
1118 4860
1123 28
1137 1409
1148 4392
1149 255
1150 6359
1152 1907
1152 7107
1153 4878
1155 617
1155 1283
1156 334
1158 2692
1165 4758
1166 681
1166 9648
1174 8184
1180 2773
1184 6300
1190 1167
1190 2805
1190 2861
1190 7514
1191 1193
1191 4534
1196 2270
1196 4086
1200 1798
1200 2558
1201 2334
1201 4878
1204 6910
1211 2250
1214 1868
1214 3412
1215 5030
1215 8189
1231 4755
1232 170
1232 6582
1233 3420
1233 3931
1233 5336
1239 815
1239 1337
1239 2362
1240 1671
1240 2337
1240 3165
1240 4510
1249 4861
1249 7407
1251 836
1254 3228
1262 1163
1266 1665
1268 678
1268 9460
1269 1960
1270 3165
1271 6883
1271 8578
1271 9568
1288 1689
1288 2330
1288 5843
1288 5844
1288 7754
1291 1491
1291 1534
1293 2605
1293 5889
1303 4172
1306 4384
1308 4126
1308 6103
1309 5034
1316 295
1320 3414
1328 546
1328 3187
1328 4576
1340 698
1341 1912
1341 4513
1342 1534
1342 7486
1343 8561
1353 4582
1353 5097
1353 8017
1354 9940
1359 3054
1365 7306
1367 7056
1369 1689
1369 2245
1369 2330
1375 1435
1383 5241
1387 6822
1390 5880
1390 7469
1391 2070
1391 3481
1391 9582
1397 1459
1397 1540
1397 2325
1397 3717
1401 2041
1403 1478
1406 9609
1418 7479
1419 739
1419 5311
1422 3615
1432 842
1432 882
1432 1673
1433 442
1435 8190
1443 1500
1446 2454
1446 3409
1446 6596
1447 86
1447 217
1447 492
1447 1481
1448 1240
1449 10
1449 2159
1449 4534
1451 1024
1451 7928
1462 7516
1468 9906
1470 3211
1471 2841
1472 17
1472 3047
1472 9001
1481 2107
1482 3908
1483 1040
1484 7151
1486 1517
1498 1773
1498 3676
1506 3199
1510 3553
1522 2637
1524 4308
1532 1665
1536 3283
1536 3758
1547 1882
1547 3907
1547 5856
1547 6524
1548 4127
1548 9558
1549 3050
1549 4211
1549 7156
1550 326
1551 1549
1556 6172
1564 1830
1567 347
1571 7848
1574 3731
1584 4397
1587 1375
1595 3396
1596 2329
1596 6049
1598 8574
1599 5014
1600 1912
1600 5504
1610 539
1612 1149
1613 9614
1617 6214
1618 2768
1619 4859
1620 4860
1625 1836
1625 2603
1626 2454
1626 3409
1626 6596
1631 7424
1633 2216
1634 6848
1648 2603
1648 5168
1651 2858
1652 6122
1652 7850
1658 8017
1664 1206
1665 3164
1665 3410
1665 4889
1665 6096
1666 988
1666 1835
1667 4911
1672 1281
1678 309
1679 3105
1686 1486
1686 3506
1690 173
1698 3841
1698 4231
1698 4909
1699 4137
1699 5038
1709 377
1713 3615
1713 5900
1713 8605
1713 9605
1718 3984
1718 4825
1724 2192
1725 9437
1728 403
1728 3402
1730 70
1730 1308
1730 5313
1731 1890
1732 1491
1740 2668
1742 727
1742 808
1742 1769
1745 7393
1745 7407
1749 7155
1757 4257
1757 9879
1758 3984
1758 9877
1770 3775
1775 2378
1780 1687
1782 2768
1786 1316
1786 2803
1794 7271
1795 1822
1795 3436
1801 7369
1802 6510
1804 903
1804 1269
1805 5149
1805 9491
1805 9523
1811 5039
1820 225
1821 7693
1822 2716
1822 6498
1825 4599
1825 6302
1825 7391
1825 7739
1827 3270
1827 4841
1830 602
1830 3675
1831 2049
1831 3161
1831 4754
1832 5167
1834 1636
1834 5043
1843 7344
1846 1099
1846 1156
1846 4106
1846 4625
1847 1146
1847 4874
1847 5004
1849 3544
1849 5314
1853 1602
1853 2313
1861 5098
1863 632
1874 4654
1879 1700
1879 3786
1879 5242
1884 230
1889 9445
1895 1643
1896 907
1912 7040
1912 8021
1914 7407
1920 460
1920 8598
1921 5174
1923 4528
1925 1521
1925 1719
1938 2381
1938 3249
1938 6477
1939 6759
1943 2598
1945 4306
1945 9037
1968 17
1968 8205
1969 1163
1969 2049
1970 7482
1971 2692
1972 5520
1973 1871
1973 2896
1984 1294
1987 1401
1987 2428
1988 1375
1988 1892
1990 3557
1990 9650
2003 7097
2009 1481
2010 7478
2012 3611
2012 9588
2014 589
2014 3414
2018 5690
2030 4998
2032 2601
2034 17
2037 2159
2047 6800
2051 5663
2057 3168
2065 1440
2065 4818
2069 40
2069 8397
2073 5280
2077 8184
2077 8611
2078 1871
2078 2896
2079 111
2079 1552
2098 1300
2103 9188
2115 5111
2117 8911
2118 3817
2120 1671
2120 2337
2122 2175
2122 2854
2122 4397
2122 5012
2125 7820
2131 3074
2147 6885
2152 1053
2152 9656
2159 3577
2164 1812
2164 4985
2164 6271
2164 9444
2166 5648
2170 3538
2170 7125
2171 3414
2175 8168
2175 9019
2178 3555
2184 9703
2194 3649
2194 3715
2195 2888
2195 5140
2195 8925
2198 815
2198 2362
2201 6881
2202 9032
2205 1285
2205 3168
2211 6686
2214 9780
2219 1233
2221 2239
2223 4193
2223 7383
2226 8498
2226 9456
2231 4397
2232 2177
2239 4460
2241 4461
2242 7317
2244 3890
2244 8869
2256 1240
2258 10
2262 8254
2269 9294
2273 1026
2273 3452
2281 6299
2285 2986
2285 3468
2285 4612
2286 4198
2287 2427
2289 5161
2294 7265
2309 6275
2309 6529
2311 638
2314 1868
2314 9021
2315 1239
2315 7456
2323 1897
2324 2581
2336 6807
2336 8461
2348 3674
2351 2734
2351 8167
2356 2862
2356 5699
2356 7852
2358 8650
2365 3364
2369 2927
2369 6472
2369 7318
2372 1705
2372 8378
2381 2847
2387 7167
2391 6911
2392 8629
2392 9087
2397 2496
2404 3313
2405 1540
2405 2349
2405 3717
2414 4482
2415 6256
2418 5278
2420 6856
2423 17
2424 326
2424 1481
2426 1518
2428 7821
2432 5703
2435 2313
2435 3170
2435 8210
2443 428
2450 958
2451 4965
2452 3797
2452 5110
2454 880
2457 4726
2460 8920
2465 6877
2466 2124
2466 2852
2466 3676
2466 5312
2470 8629
2471 1507
2473 3841
2473 4909
2476 7205
2477 3494
2494 8947
2497 3037
2497 9431
2502 2392
2502 6335
2503 2687
2503 9013
2504 5504
2504 7162
2505 217
2505 1375
2509 997
2517 6413
2517 6685
2525 35
2527 7606
2530 7955
2534 1902
2538 9366
2541 2063
2542 4830
2545 2475
2549 1236
2557 2568
2558 1534
2558 7486
2559 1042
2559 1357
2559 2860
2567 3695
2577 8023
2591 4874
2591 5004
2594 572
2600 6604
2600 9598
2601 1167
2601 2805
2602 3001
2602 5340
2605 3558
2621 9920
2626 3716
2628 711
2639 3156
2640 1240
2640 9564
2641 135
2644 2258
2644 3417
2645 7858
2654 2504
2654 7938
2659 5095
2661 9314
2673 5856
2677 6848
2682 4311
2682 8599
2691 707
2691 9647
2695 7205
2699 91
2706 1290
2706 6460
2707 9889
2720 711
2720 1104
2721 312
2723 8947
2724 8947
2728 3746
2729 2522
2729 4504
2730 9503
2734 2149
2734 6580
2735 3603
2741 1053
2759 2324
2759 2325
2765 6788
2771 1865
2771 3203
2774 509
2777 856
2778 2799
2778 7486
2781 334
2782 4222
2784 5520
2786 6118
2803 4821
2805 1540
2805 2325
2805 9333
2808 7696
2814 6522
2815 813
2816 7728
2818 5469
2818 7770
2818 9489
2819 2601
2819 4499
2825 1756
2829 111
2853 3320
2862 1813
2862 7407
2868 2989
2868 9490
2871 2774
2873 6345
2875 9019
2877 8166
2878 4021
2879 2852
2881 5327
2898 320
2901 3877
2908 3890
2908 8869
2913 7728
2914 1156
2914 5638
2914 6278
2917 5660
2923 856
2923 9559
2924 6091
2925 1296
2925 1401
2925 2310
2927 8587
2927 9549
2931 2125
2936 1176
2936 1602
2936 4412
2939 111
2940 980
2942 4770
2953 1806
2953 3074
2954 2581
2961 2324
2961 2325
2973 1974
2973 2557
2973 3589
2973 4282
2973 4608
2973 7100
2973 8477
2974 3331
2974 4494
2974 4861
2976 4282
2977 9451
2985 509
2986 4012
2990 1835
2990 4635
2992 6894
2993 7474
2993 9045
2996 1402
2996 7504
2997 4526
2997 7841
2998 2537
2998 4135
3011 1897
3011 2649
3019 9275
3024 2669
3033 1907
3033 7107
3035 4611
3037 1489
3039 3047
3039 9001
3041 5161
3042 4397
3042 5012
3044 694
3051 5531
3069 5598
3079 8879
3099 1634
3102 2340
3102 4765
3104 8628
3127 655
3129 3786
3131 196
3132 2413
3133 8846
3134 1686
3134 3256
3135 2085
3140 1209
3145 8478
3146 3199
3146 7746
3147 5660
3147 6053
3147 8511
3148 7124
3148 9419
3150 4874
3150 5004
3152 5007
3155 8168
3159 1868
3160 1518
3168 8216
3172 3352
3172 5531
3181 1253
3193 1009
3193 5095
3193 8360
3210 4372
3211 632
3211 1798
3211 2558
3211 3906
3211 7749
3211 9463
3215 8527
3222 70
3222 1308
3222 5313
3223 4214
3225 347
3225 836
3225 2532
3251 6711
3257 3715
3257 8823
3269 2023
3270 3810
3270 4191
3271 2329
3271 6049
3272 6298
3272 8101
3275 3331
3279 6082
3283 3049
3283 9027
3284 5884
3285 7486
3288 848
3289 6123
3296 1426
3296 3772
3303 1806
3303 2661
3303 3074
3318 3733
3321 709
3324 6269
3326 8907
3327 7098
3330 8921
3331 4284
3332 2143
3332 3592
3333 4193
3342 1012
3342 8574
3343 2002
3343 2070
3344 1048
3350 9615
3354 4417
3365 1822
3365 4059
3365 4795
3377 1044
3377 7662
3391 3524
3394 4004
3394 4599
3394 6302
3394 7739
3394 8921
3395 7144
3395 7746
3397 994
3397 6294
3400 5462
3402 903
3409 1564
3409 4755
3414 2995
3414 6105
3414 8614
3416 6904
3416 9057
3422 1733
3442 1421
3442 2972
3442 4699
3448 1421
3458 3589
3458 4282
3458 8484
3461 1216
3461 1800
3461 8934
3463 8946
3467 5001
3470 4499
3472 1373
3480 86
3481 4755
3483 9592
3485 3227
3510 7322
3517 2279
3527 2041
3530 644
3531 4286
3533 1575
3540 749
3540 6325
3544 3164
3544 3283
3544 3758
3549 2456
3549 8602
3550 4222
3553 818
3556 1521
3557 3557
3568 627
3579 7308
3580 3515
3580 4254
3581 1953
3586 958
3589 959
3593 1226
3595 6010
3595 9355
3601 9382
3602 2239
3611 8930
3614 6560
3626 1012
3626 8574
3627 9571
3630 2290
3632 214
3634 4137
3634 5038
3634 9079
3637 4413
3638 1853
3638 4136
3655 7924
3659 3242
3662 1231
3672 6006
3680 3138
3688 3596
3688 3906
3688 4372
3689 3466
3693 3100
3695 8528
3696 8531
3701 7458
3704 2124
3705 3166
3705 6881
3708 2566
3708 3165
3708 4313
3708 8178
3709 1191
3709 6899
3712 5177
3715 1837
3718 770
3718 3054
3723 4037
3723 9107
3732 6155
3737 4794
3741 3436
3759 4172
3760 3788
3762 2669
3763 6218
3776 4612
3777 8960
3779 875
3781 6547
3782 6049
3787 815
3787 2362
3787 7434
3795 4895
3797 5879
3798 1518
3801 1207
3802 7808
3803 6346
3803 9585
3805 1191
3807 1803
3809 1484
3823 1065
3823 4654
3839 7911
3849 1171
3855 3870
3856 9302
3859 1459
3859 2325
3859 9333
3862 505
3867 1864
3873 9963
3878 1463
3878 2192
3878 6817
3880 756
3888 5460
3888 7424
3889 5460
3889 7424
3890 6042
3895 2734
3896 3158
3897 5162
3897 6596
3897 7167
3900 6600
3901 3108
3902 6609
3918 2649
3919 4941
3927 8774
3940 8383
3944 4965
3946 7058
3955 418
3957 8093
3961 3592
3961 7745
3962 1205
3967 5135
3971 8527
3976 683
3977 1239
3977 1366
3978 9558
3979 2338
3979 4513
3979 9567
3980 7475
3981 502
3981 7809
3982 1308
3983 7791
3983 9045
3984 7488
3987 6360
3994 8629
4020 2441
4027 5419
4041 5645
4046 3811
4050 4505
4050 8542
4058 2175
4058 2854
4060 4632
4060 7151
4061 1565
4064 1395
4065 1207
4073 8213
4074 6631
4108 1026
4112 4828
4133 2171
4133 7397
4134 756
4137 4375
4141 6049
4146 7431
4152 7463
4155 2002
4155 3481
4156 1375
4156 1892
4156 3611
4184 3860
4197 1471
4197 1699
4197 2081
4205 2974
4205 9343
4207 1226
4215 626
4221 4285
4223 4186
4225 813
4229 5653
4229 8503
4231 8947
4232 1656
4239 1504
4239 4619
4240 9497
4241 8139
4246 8569
4249 3918
4252 545
4255 3615
4257 8220
4304 226
4310 2665
4310 7997
4313 3382
4315 6739
4316 1026
4318 505
4320 6766
4320 9916
4323 1202
4324 5109
4331 9402
4343 814
4347 2483
4350 2194
4352 3900
4360 1012
4364 8192
4364 9062
4364 9615
4365 452
4368 1018
4369 7512
4370 7183
4371 5700
4373 9098
4374 7521
4378 3351
4380 491
4404 3366
4404 6433
4450 2557
4450 4985
4450 6271
4450 8477
4453 875
4453 7407
4455 1463
4455 4103
4455 8101
4456 2986
4456 3468
4457 6300
4459 5125
4463 9491
4463 9523
4464 1630
4466 3599
4466 9494
4477 4750
4483 739
4484 1890
4487 1756
4487 4394
4487 8589
4488 1395
4490 240
4490 3105
4491 5502
4491 7484
4496 1140
4497 8155
4503 1065
4508 7546
4525 1231
4531 4804
4546 5786
4549 2137
4549 4176
4550 9879
4551 7041
4559 1705
4560 1226
4560 2593
4573 2839
4573 9391
4580 6506
4587 4607
4593 2217
4593 7738
4595 4372
4596 4610
4597 6042
4599 647
4600 6838
4600 7416
4601 3270
4602 6
4602 249
4602 329
4604 692
4604 5856
4609 2640
4610 6317
4617 1772
4618 1101
4618 1174
4618 4127
4618 9558
4620 3605
4623 1836
4639 1065
4647 2577
4654 2650
4654 5065
4660 3364
4669 2584
4674 3731
4674 4459
4676 2137
4676 8817
4691 1708
4692 1528
4704 6268
4704 6270
4711 1062
4711 4860
4716 899
4716 1798
4716 5647
4719 2561
4723 3911
4723 4619
4723 5470
4725 4503
4725 8534
4726 1713
4730 3047
4730 3216
4730 4016
4731 7472
4734 9561
4735 8167
4737 1163
4737 5887
4747 3677
4754 5184
4755 1182
4757 3227
4762 849
4784 1897
4784 2649
4784 6683
4799 5772
4805 6778
4808 7647
4816 7670
4817 5106
4820 6503
4827 4711
4827 6504
4829 6509
4841 198
4846 1313
4846 3039
4854 2285
4854 8115
4854 9470
4855 4869
4864 8973
4875 263
4880 5322
4881 9053
4884 2856
4885 4404
4885 7492
4888 1450
4894 1386
4894 3420
4894 4229
4895 4229
4896 681
4896 8629
4896 9087
4897 9092
4905 3558
4936 2972
4938 4565
4946 2711
4947 8846
4948 6477
4950 7669
4951 5105
4953 6763
4958 2063
4968 816
4968 2216
4972 1884
4978 2598
4978 2794
4978 5135
4978 7101
4978 8488
4979 1812
4979 1974
4979 4608
4979 5642
4979 8484
4979 9444
4980 4864
4981 2888
4985 5135
4985 7101
4985 8488
4992 2725
4996 4879
4997 5666
4998 1671
4998 2337
5004 9014
5005 7155
5006 9558
5007 5884
5007 9013
5011 6089
5014 8607
5018 6610
5021 586
5024 293
5032 111
5032 4319
5057 2785
5065 3866
5097 1213
5097 6198
5102 5798
5104 1540
5104 2349
5109 9340
5110 1351
5110 2352
5111 883
5118 4585
5119 4830
5120 476
5137 582
5141 4282
5141 4608
5141 6271
5141 8477
5141 8484
5141 9444
5142 5135
5142 7101
5142 8488
5143 42
5143 5275
5147 7107
5152 5455
5155 1865
5155 5645
5156 2681
5157 2937
5157 4608
5167 6557
5167 7121
5170 4874
5170 5004
5178 7468
5180 2688
5181 303
5184 255
5184 2070
5184 5317
5184 9583
5189 6608
5191 452
5191 4313
5192 2432
5192 5903
5194 1658
5194 2310
5200 1377
5202 2695
5206 3228
5208 3840
5208 6382
5210 408
5242 3775
5248 216
5248 8748
5251 3436
5256 1332
5274 5598
5274 8809
5276 3308
5276 8817
5276 9889
5280 5098
5284 2978
5294 5429
5308 6810
5312 7747
5335 1888
5335 4742
5344 5497
5344 7471
5349 9567
5350 3479
5350 7162
5352 988
5353 5169
5361 1608
5366 6584
5414 578
5440 7645
5443 1901
5448 9311
5448 9409
5450 7319
5455 9329
5462 5606
5463 5607
5463 9906
5466 2324
5466 2325
5466 3717
5466 4705
5470 776
5481 5632
5482 8907
5484 6822
5491 8480
5496 2144
5499 4488
5500 3095
5500 5455
5501 7120
5502 6055
5505 8477
5524 5165
5528 856
5529 9019
5535 3049
5535 5165
5535 9027
5537 9032
5543 2369
5548 5323
5549 9053
5552 8154
5561 9083
5565 5917
5567 1176
5572 5713
5574 491
5574 5347
5576 587
5605 2656
5605 7265
5614 5579
5629 9286
5630 6202
5631 9869
5643 5601
5643 9916
5647 9319
5681 8465
5689 5449
5690 4282
5690 4608
5690 8477
5695 1294
5698 5651
5701 4486
5703 2285
5703 9470
5709 4196
5715 6069
5722 7446
5730 8161
5737 6885
5740 3050
5740 4211
5742 1980
5749 4641
5750 4028
5757 681
5757 9087
5759 5340
5759 5916
5766 3352
5766 5531
5799 171
5802 1723
5832 1052
5841 7672
5842 2036
5843 2973
5854 4263
5860 4711
5878 2217
5881 3203
5881 5645
5882 1798
5888 1385
5891 5457
5891 8508
5898 2449
5898 5146
5912 9001
5914 4510
5919 1868
5919 3412
5919 5016
5920 3050
5920 4211
5922 1851
5923 7813
5931 4407
5933 5521
5936 526
5939 9095
5948 2159
5948 5531
5956 8667
5965 8690
5973 8712
5988 8300
5989 216
5991 3122
5994 1806
5994 2661
6000 613
6020 2476
6025 2878
6025 3080
6035 6477
6041 2325
6041 4705
6042 776
6042 2279
6050 4711
6051 1652
6051 9962
6064 2190
6068 2556
6073 377
6076 88
6077 4372
6077 8919
6080 899
6080 1798
6081 3907
6082 7419
6084 42
6086 4497
6086 7429
6095 9488
6096 5149
6096 9491
6096 9523
6097 519
6097 8973
6099 2427
6102 353
6111 9527
6112 9002
6113 9002
6115 1911
6124 7479
6125 602
6134 7830
6135 5024
6135 6359
6137 2605
6152 2862
6152 7852
6185 5060
6197 1616
6198 7593
6227 9862
6232 2475
6235 1592
6237 6477
6239 9350
6242 9915
6247 5419
6261 5262
6265 3141
6268 5431
6273 8882
6279 1489
6291 1027
6291 1573
6293 5135
6293 7101
6293 8094
6293 8488
6295 4991
6297 3585
6299 7746
6300 1181
6300 2247
6302 8106
6303 2888
6305 4291
6314 4619
6323 2522
6327 7451
6338 326
6340 8587
6341 3050
6341 7156
6348 694
6360 7521
6397 6963
6414 3436
6415 9237
6447 7996
6451 7019
6455 8823
6462 1688
6469 4088
6475 6241
6481 3088
6484 3890
6484 8869
6486 2086
6491 2549
6491 7670
6497 5829
6502 3395
6502 4276
6503 4370
6507 6306
6509 1119
6510 382
6511 4286
6514 5141
6520 4998
6522 2041
6526 4113
6529 5473
6529 7124
6535 8467
6536 2392
6541 6335
6545 5019
6546 8171
6546 9570
6549 5172
6550 17
6550 4402
6550 4895
6558 2456
6558 8602
6562 4222
6563 4521
6563 9604
6572 3621
6577 4229
6587 1054
6653 4460
6672 959
6694 1019
6694 9382
6701 1793
6701 8430
6725 2216
6737 4991
6738 5647
6739 632
6741 2637
6746 7753
6746 8517
6749 4608
6762 1504
6780 5880
6782 1851
6789 4032
6791 3550
6791 4310
6791 7482
6791 8177
6794 9554
6796 5511
6796 5887
6797 442
6797 796
6802 4404
6810 2052
6811 6919
6813 1110
6813 6118
6815 214
6815 2495
6815 3623
6820 3621
6828 491
6828 1054
6828 1636
6829 4778
6830 7205
6859 2650
6859 3290
6884 3568
6895 5974
6903 22
6908 5771
6917 6235
6924 1902
6930 1540
6930 3717
6945 7334
6953 5811
6962 1234
6973 1543
6974 1422
6997 5277
7003 6826
7003 7392
7004 2217
7004 7738
7009 644
7009 1119
7010 3398
7011 3585
7014 6835
7014 9452
7015 2449
7016 2986
7016 4612
7016 4990
7018 2330
7021 8952
7027 9479
7028 9480
7032 1504
7037 234
7039 2122
7063 1584
7068 9593
7080 3052
7080 5023
7083 7823
7085 8183
7104 7512
7117 5715
7138 5358
7158 8714
7177 3242
7177 3700
7190 7003
7210 8810
7212 8368
7214 1052
7216 3314
7219 3984
7219 8368
7220 8818
7223 6214
7229 8838
7230 5105
7231 883
7235 2325
7241 1045
7241 1849
7249 2837
7250 1281
7254 8049
7271 3038
7276 4186
7278 6810
7290 6532
7300 5635
7300 8934
7305 6829
7308 2023
7308 4193
7308 5636
7308 6552
7318 7424
7322 9481
7325 876
7330 4504
7331 3597
7331 6800
7331 7431
7332 3402
7334 1575
7334 4499
7338 7770
7338 9489
7343 2389
7343 2847
7354 4753
7354 6335
7361 5308
7373 5167
7380 7158
7381 7456
7385 1548
7391 4390
7403 2395
7407 2432
7412 7472
7422 5917
7423 955
7423 8213
7427 707
7429 707
7441 9108
7462 538
7495 8748
7495 9795
7530 3654
7533 3786
7535 5246
7538 3715
7538 8823
7551 1705
7560 3452
7562 5255
7577 3658
7578 3088
7581 6503
7593 4599
7600 2214
7610 816
7610 5133
7614 1336
7614 6528
7616 3468
7618 711
7618 6304
7619 3038
7619 3466
7621 2246
7624 2558
7627 7098
7630 2247
7632 62
7638 5660
7648 8488
7651 3278
7651 5861
7653 5149
7657 8528
7673 5155
7687 3603
7689 9011
7691 835
7691 7471
7694 9549
7696 2802
7696 3156
7697 602
7711 5895
7713 5313
7713 8595
7715 2177
7716 2311
7719 8183
7722 2430
7726 805
7728 3926
7736 9624
7743 2052
7745 5924
7748 4229
7750 5701
7751 9648
7756 3232
7764 1053
7790 538
7832 428
7832 8751
7847 8329
7865 1231
7879 3712
7880 4566
7884 2381
7884 6477
7886 4258
7895 959
7896 3188
7897 7672
7901 4177
7916 9364
7917 4262
7926 5109
7930 6501
7938 6508
7949 2023
7950 4285
7956 6810
7967 4859
7969 756
7973 875
7973 4861
7981 3095
7985 262
7987 9455
7990 8940
7995 1062
7999 2286
8002 6802
8028 8981
8040 1240
8045 3105
8048 1101
8049 9545
8053 6091
8061 3829
8061 6098
8071 2803
8076 9610
8088 9621
8093 6629
8097 5183
8099 9637
8112 3420
8112 6375
8153 5953
8185 5579
8187 930
8192 1617
8192 1806
8192 2661
8205 7615
8206 9264
8239 3869
8239 7649
8241 1902
8250 3383
8253 4821
8265 6213
8286 8847
8287 579
8292 4707
8294 1019
8294 9382
8298 4585
8300 6780
8301 119
8312 1792
8330 2632
8333 661
8333 2023
8340 4488
8350 3395
8350 4606
8350 6524
8352 4869
8352 6270
8353 1945
8354 6825
8355 4851
8356 875
8356 4879
8356 7407
8362 644
8363 2331
8363 5456
8364 1156
8364 4106
8364 5638
8368 1156
8368 4106
8368 6278
8375 2598
8375 5135
8377 6554
8381 9480
8385 4985
8386 4617
8393 588
8398 1888
8398 4742
8400 3403
8405 1974
8408 5280
8415 3216
8416 309
8425 1366
8425 6088
8427 2392
8427 4392
8427 6335
8429 8577
8433 1729
8436 9027
8441 3168
8441 7165
8446 217
8457 7791
8457 9045
8458 3612
8458 5670
8464 5516
8465 563
8473 8561
8484 9077
8492 9088
8507 4909
8513 3227
8525 2260
8565 6685
8565 6686
8565 8709
8574 9746
8586 9225
8590 2657
8601 3506
8623 5387
8637 4952
8645 7625
8647 8782
8666 2441
8666 2442
8673 5405
8677 6202
8703 7335
8705 958
8705 1705
8705 4704
8710 6764
8710 8019
8722 4583
8729 2628
8769 6031
8782 517
8782 5638
8784 5636
8785 4607
8785 6540
8789 5140
8789 8112
8789 8925
8792 1294
8792 3270
8799 7144
8799 7746
8800 129
8812 9521
8818 3537
8820 4298
8821 7435
8837 2023
8844 6081
8845 7463
8847 7153
8847 9013
8849 8161
8850 8163
8853 2689
8855 17
8858 5502
8858 6093
8860 8168
8866 2851
8866 3610
8873 4222
8876 6367
8879 4133
8880 4517
8882 5171
8883 8618
8890 8192
8890 9062
8891 6908
8923 5041
8923 7517
8931 8219
8939 3004
8939 3842
8939 8223
8945 7207
8985 2577
9007 6155
9032 5222
9040 2920
9048 4553
9058 9826
9074 2708
9109 6466
9113 9864
9114 9864
9120 4172
9126 7324
9136 3660
9137 9897
9144 7338
9158 5419
9159 5418
9166 7692
9175 7058
9194 6789
9200 4481
9202 6509
9206 2423
9207 2423
9215 2190
9215 2556
9234 814
9235 13
9235 9431
9246 8505
9247 8487
9249 1798
9249 3906
9251 3038
9256 899
9256 1513
9260 8933
9264 1865
9269 5659
9272 2599
9273 8508
9276 1798
9276 7424
9299 3744
9303 2427
9308 4114
9324 2946
9342 2768
9344 7115
9345 2732
9345 5304
9362 698
9367 5885
9371 5166
9373 6886
9376 3605
9378 2851
9378 4637
9385 642
9391 9608
9395 8604
9397 5174
9399 3677
9415 1403
9417 6924
9418 1110
9420 2495
9420 4529
9422 3227
9442 3420
9442 3931
9442 5699
9442 6375
9455 5192
9513 5550
9533 6969
9608 320
9614 9273
9636 7636
9655 455
9659 1086
9659 5095
9663 6731
9678 4258
9701 1015
9701 3081
9711 4703
9715 9347
9717 2353
9720 1810
9722 6477
9732 6239
9732 9358
9735 6477
9735 7349
9743 6244
9751 3885
9754 4182
9782 1668
9782 4186
9793 711
9793 2887
9794 4610
9796 1463
9800 6273
9801 5638
9806 13
9813 7417
9814 8919
9815 7739
9815 8921
9816 9446
9819 1800
9819 4193
9820 7112
9823 7107
9827 4611
9827 8504
9828 8994
9834 3906
9834 9463
9835 1597
9839 6053
9839 8511
9842 5660
9843 9472
9844 2942
9848 8921
9850 203
9861 7717
9866 8524
9870 1801
9870 7435
9872 6564
9874 3599
9874 9494
9876 2287
9888 2728
9901 8554
9903 2557
9903 4985
9903 6271
9921 8162
9922 3916
9922 9549
9923 2338
9928 9572
9930 6886
9931 3483
9933 3609
9934 9015
9935 1584
9935 5672
9948 1366
9951 460
9951 8598
9955 9077
9958 4402
9969 7823
9970 8613
9972 5901
9976 2312
9978 5898
9995 5340
9998 9082
10000 6919
