1 17
1 19
1 41
1 242
1 326
1 347
1 388
1 492
1 566
1 642
1 645
1 836
1 962
1 1112
1 1375
1 1481
1 1608
1 1816
1 1836
1 1890
1 1892
1 2152
1 2800
1 3757
1 3829
1 4311
1 4512
1 4895
1 5013
1 5019
1 5168
1 5169
1 6098
1 6886
1 7809
1 8205
1 8573
1 9556
1 9587
1 9588
1 9621
2 742
2 2890
3 1324
3 3803
3 5833
8 19
8 41
8 255
8 492
8 645
8 962
8 1481
8 1816
8 1890
8 2152
8 2532
8 5161
8 5317
8 6098
8 7475
8 7809
8 9582
12 32
12 240
12 527
12 1012
12 1913
12 2151
12 2368
12 2687
12 3105
12 4759
12 5884
12 8574
13 3818
21 17
21 90
21 172
21 303
21 347
21 442
21 566
21 1608
21 3047
21 3106
21 3829
21 6604
21 7797
21 9587
24 892
24 2255
24 3480
24 4515
32 838
32 1688
36 21
36 29
36 664
36 1647
37 926
45 3167
45 3550
47 21
47 28
47 29
47 664
47 1647
49 8133
50 8317
53 4651
54 775
54 1602
56 20
56 1513
56 1802
56 2454
56 3409
56 3759
56 5162
56 5668
56 6596
56 8487
60 92
60 617
60 1283
60 2531
60 3411
60 4396
62 116
62 1253
69 129
69 1346
69 3467
71 5625
71 8060
75 1594
75 2420
77 217
77 242
77 303
77 326
77 347
77 1658
77 2028
77 3674
77 3757
79 56
81 17
81 90
81 172
81 388
81 442
81 566
81 602
81 882
81 1375
81 1401
81 1608
81 1772
81 3047
81 3106
81 3611
81 4516
81 4758
81 6099
81 6333
81 6604
85 19
85 41
85 326
85 388
85 492
85 645
85 836
85 962
85 1481
85 1836
85 3829
85 4311
85 4512
85 4638
85 5019
85 5168
85 5169
85 5314
85 6098
85 6886
85 7475
85 7809
85 8170
85 9587
86 17
86 90
86 172
86 442
86 566
86 589
86 842
86 1583
86 1608
86 1772
86 3047
86 3106
86 3216
86 4016
86 4216
86 5523
86 6099
86 6333
86 6604
86 7797
88 524
88 2138
88 4171
88 7339
88 8389
90 2339
90 3613
95 17
95 19
95 172
95 242
95 303
95 326
95 442
95 566
95 602
95 672
95 962
95 1296
95 1375
95 1401
95 1890
95 2028
95 2310
95 2428
95 3611
95 3674
95 8205
95 8590
95 9588
98 92
98 988
98 1283
98 1835
98 2531
98 3411
98 4396
98 4635
98 9032
99 3832
99 6905
99 8606
101 855
102 263
102 3609
102 8200
103 448
103 605
103 7657
106 67
106 2086
106 2549
106 4257
106 7033
107 17
107 19
107 90
107 172
107 442
107 492
107 566
107 642
107 1608
107 1892
107 2800
107 2951
107 3047
107 3106
107 3611
107 3829
107 6098
107 6333
107 6604
107 8205
107 8590
107 9588
107 9598
110 4669
114 3080
114 7025
115 17
115 19
115 90
115 172
115 217
115 242
115 303
115 442
115 492
115 602
115 962
115 1296
115 1375
115 1401
115 1658
115 2310
115 2428
115 3217
115 3611
115 3675
115 6333
115 8205
116 5471
119 1887
119 3744
119 7772
122 2385
122 3036
122 3526
122 6835
122 9417
125 5172
125 7159
125 9570
132 599
132 3750
132 8947
133 3348
133 6928
135 1631
137 4100
137 7120
141 2974
141 3651
141 8384
141 9343
143 2279
143 6477
144 17
144 19
144 172
144 217
144 242
144 303
144 326
144 347
144 492
144 566
144 602
144 882
144 1296
144 1375
144 1401
144 1658
144 2028
144 2310
144 3611
144 3674
144 3757
144 4895
144 5013
144 6090
144 8573
144 9556
144 9621
145 9079
145 9528
148 3321
154 363
161 532
165 17
165 19
165 217
165 242
165 303
165 326
165 347
165 442
165 566
165 1375
165 1658
165 1890
165 2028
165 2310
165 2428
165 3611
165 3674
165 3757
165 4895
165 5013
165 8573
165 9556
165 9588
165 9621
168 8326
170 8336
176 3270
176 4841
180 2522
180 4504
181 6
181 329
181 449
181 5303
181 8996
182 979
182 1185
182 8561
184 3810
184 4191
185 1584
185 5309
187 17
187 19
187 589
187 2369
187 2800
187 3414
187 4216
187 4402
187 6604
187 8205
187 9001
187 9598
188 2986
189 3015
189 6989
190 1773
190 7820
195 171
195 3294
195 9223
197 17
197 90
197 172
197 217
197 303
197 492
197 602
197 645
197 836
197 962
197 1375
197 1401
197 1772
197 3106
197 3217
197 3675
197 6090
197 8205
201 827
201 1402
201 2153
201 2853
201 3555
201 5498
201 6094
201 6330
201 6355
201 7504
203 2632
205 1295
206 2063
206 8034
210 1665
212 7621
222 205
224 979
224 1185
224 8561
227 171
227 9223
228 3518
229 41
229 255
229 489
229 2070
229 9582
235 17
235 217
235 303
235 326
235 347
235 492
235 645
235 962
235 1481
235 3106
235 3675
235 7475
235 7797
236 679
242 1849
242 2350
242 2982
242 3388
251 1231
251 3242
251 6719
257 4886
261 770
261 1552
261 2157
261 4319
264 895
265 1460
265 3250
266 17
266 19
266 90
266 492
266 566
266 672
266 1608
266 3047
266 3674
266 4216
266 6333
266 7797
266 9598
269 718
269 3397
269 3903
269 6268
269 6270
269 6533
269 6819
269 7394
270 559
270 1830
270 2637
270 4306
270 4504
270 4854
270 5138
270 8508
270 9431
271 154
271 4890
271 7160
275 4617
278 8481
279 502
279 566
279 642
279 836
279 1583
279 1608
279 3106
279 6098
279 9587
283 19
283 326
283 388
283 602
283 645
283 826
283 1112
283 1481
283 1658
283 1816
283 1890
283 3757
283 4512
283 5314
283 7475
287 3102
287 6068
287 7128
291 259
291 1644
291 2007
291 3837
291 5039
291 9639
293 19
293 41
293 326
293 347
293 826
293 1112
293 1816
293 2532
293 3757
293 3829
293 4512
293 5314
293 5503
293 7475
294 9537
296 326
296 347
296 566
296 1375
296 3106
296 3544
296 3611
296 3829
296 5314
296 6098
299 3100
299 8528
301 9564
307 872
307 1189
307 2479
307 4979
310 2333
310 3746
310 4374
310 8560
312 5601
319 56
319 679
323 2607
323 7851
324 100
324 6173
327 1290
327 1705
327 2270
327 2354
327 6219
327 9895
329 1193
329 2096
329 2159
329 3843
329 4417
329 4534
329 5531
329 5712
329 7205
332 1290
332 1705
332 1847
332 2270
332 4086
332 6219
332 6481
332 9895
337 2009
337 5527
337 5697
337 5918
337 6926
337 6928
339 725
339 843
339 1465
339 2776
339 3283
339 4632
339 5880
339 6096
339 7151
339 8162
344 19
344 172
344 242
344 326
344 388
344 442
344 566
344 672
344 1608
344 1890
344 3611
344 9553
344 9587
344 9588
347 4259
351 1216
351 1800
351 2174
351 4193
351 6280
354 2563
354 3730
354 8978
354 9502
358 7624
366 698
366 4130
366 8182
366 8575
372 8881
375 1907
375 4853
375 5638
375 6273
375 6278
376 6605
376 8183
377 6826
381 2599
381 4494
381 4861
381 5133
381 6521
382 585
382 1053
382 1302
382 1720
382 6940
382 9656
383 4443
385 422
385 1734
386 4965
388 1426
388 3772
388 4429
394 3332
394 4005
398 1207
398 3282
398 4022
398 6590
398 6595
402 559
402 2637
405 458
405 3958
406 3917
406 4398
415 1705
415 1847
415 2270
415 2354
415 4086
415 6219
415 6221
415 6481
415 9895
422 2796
422 8950
426 4178
427 90
427 442
427 566
427 589
427 842
427 882
427 1583
427 1608
427 1673
427 3414
427 4016
427 4895
428 996
428 997
428 3225
429 9188
434 1441
435 1099
435 1156
435 3334
435 4106
436 1386
436 3228
436 3931
436 5336
438 32
438 527
443 1132
443 3397
443 6268
443 6270
443 8900
444 217
444 242
444 303
444 602
444 1296
444 1375
444 1401
444 1658
444 2028
444 2310
444 3611
444 3757
444 4512
444 6090
447 135
447 1911
447 2311
447 5909
447 6097
447 6587
447 7478
447 9011
447 9555
447 9566
449 8917
457 30
457 4004
457 5863
457 6307
457 7431
458 438
461 6758
462 1193
462 2096
462 2159
462 3843
462 4534
462 5532
462 5712
463 140
465 1031
465 2325
465 3797
465 4705
465 9358
469 1026
470 6167
471 41
471 1816
471 2532
471 4633
471 5503
471 7475
471 7809
475 1163
475 1977
475 2049
475 2642
475 3161
475 4754
475 4757
475 5511
475 5674
475 5887
475 6082
475 8192
476 532
476 1236
477 698
477 1027
479 845
479 1290
479 2669
479 6460
479 7985
479 8438
482 171
482 719
483 5974
484 1752
485 8060
488 1190
488 1868
488 2689
488 5671
488 7467
488 9021
489 93
491 2946
491 4106
495 347
495 502
495 566
495 836
495 842
495 1583
495 1608
495 3106
495 9587
498 2805
498 6627
498 7507
498 7514
501 214
501 2495
503 926
503 2511
503 4176
503 4468
503 7683
503 9889
505 986
505 2191
505 3533
505 5446
505 6525
505 8904
505 8919
511 9561
512 1299
512 1913
512 2368
512 3105
512 3339
513 362
513 568
515 775
515 1602
515 2313
515 3170
515 4774
515 5528
515 8210
515 9637
520 19
520 172
520 388
520 442
520 566
520 645
520 1481
520 1608
520 1892
520 4512
520 6099
520 9587
520 9588
523 6593
531 1517
531 1891
531 5018
531 5164
535 140
536 1332
536 3700
536 4678
537 986
537 4113
538 3278
540 309
540 725
540 843
540 1549
540 2776
540 3164
540 3219
540 3283
540 3410
540 3758
540 4632
540 4889
540 5033
540 5880
540 5896
540 6096
542 7296
544 2733
545 3242
548 890
553 1837
553 2175
553 2854
553 3278
553 4397
553 4520
553 5173
553 6105
553 7489
553 8180
553 8614
554 3229
555 5772
556 5268
557 3811
557 3907
557 5283
557 6301
557 7404
557 8464
560 1395
560 3917
560 4398
560 4894
560 5310
560 6095
560 7473
560 9020
560 9571
561 170
561 177